10501
14174
10621
13036
379
4411
15011
13859
6374
723
9071
14558
2603
9801
6547
11240
12949
1271
12274
15831
2673
10896
5029
15285
5319
8348
14798
14628
12388
3600
1721
6896
3646
14631
12288
3983
10024
10658
9878
14861
12349
4955
15804
8832
5180
10481
2068
325
6857
437
1548
13239
15965
8073
2362
9386
16267
14804
11414
15545
15659
8771
6379
9273
4515
13253
6689
11209
7515
9733
9987
7670
15278
7295
10599
14033
13901
13083
15028
7663
15715
15741
12546
257
3601
4695
985
10130
13765
6414
10967
6141
15195
7127
15515
2407
7145
3946
11381
9287
1070
2734
14486
820
5793
15703
7567
7270
13616
14575
13485
6982
185
11973
2001
9421
8341
16002
8962
10460
7346
10490
1949
15562
10676
16224
12855
5469
9338
3612
14603
1469
13926
2040
15609
8101
14524
2573
3597
9414
10616
14298
14476
70
10062
2299
13970
6078
12206
5315
13076
7917
14202
1547
834
7054
9319
6631
7175
12401
5732
5787
2953
9389
1901
5565
10829
844
14163
11207
2123
3175
9930
7515
3403
7269
4033
2573
5788
3
2412
6251
5584
14874
14162
9602
15071
6969
3331
2399
6587
2410
14927
8336
10268
3779
12338
5238
10195
7765
7511
10153
11601
3572
16343
7824
3140
15696
1756
7990
1596
1088
11233
6151
3816
10918
13468
6531
10081
11655
4249
13252
16176
9746
12206
14939
5171
14289
12672
5168
5148
839
3383
1704
10349
12569
1484
12081
4030
13791
10281
3655
9259
6785
14393
4719
7915
6993
8281
15963
14228
4296
1568
6256
84
6978
1154
15036
2412
12630
10303
2897
9407
407
8807
1957
10035
8364
6564
8809
9497
6508
7288
11742
4108
6909
12123
14793
6979
2075
6811
115
9803
9205
3583
7191
6628
15353
4720
9647
4325
15344
13791
7768
14051
4187
6053
5999
14895
15931
2359
1326
10187
6557
5924
8532
10797
10355
8522
565
7791
5361
1315
217
3067
15056
7567
13591
8542
1468
11059
2542
3374
4557
11493
15743
3349
14243
16344
2876
1135
8161
1834
1627
4880
6586
9331
15417
4820
12787
4333
5932
8891
10693
8829
3451
2336
11040
2248
14375
10364
12599
7539
13495
7703
105
8119
2695
10869
4941
12701
21
9915
6255
2879
2891
14035
6551
1331
4981
2396
14160
1670
7303
3858
9188
2496
11151
16215
10797
9449
12930
15985
3060
12977
1490
7362
3721
747
10099
12743
789
8514
6828
4822
14730
10715
11329
6947
1056
1518
12617
3325
5249
3318
9014
10292
14271
4385
5132
5180
15757
14157
13773
13521
2991
3781
1166
6498
12765
10771
13206
13731
1038
1318
5457
13394
5705
8518
7886
3841
12853
15533
12054
1587
13052
12843
3411
10019
12037
2989
5385
10402
7302
4577
13278
14857
15341
5613
7084
13917
15179
11947
9071
11452
9544
9156
14807
5730
15137
2449
13644
3615
15043
6009
4103
15452
2268
11985
846
6634
4679
10774
10767
15103
14459
7959
11623
10373
5924
8675
5519
977
1210
8312
10411
2301
6845
10354
12011
7025
13898
7111
15494
12525
6450
6363
13649
5206
4928
8577
10647
11141
9911
14615
4573
11739
16004
15988
16194
2933
5114
16106
6680
86
804
340
14708
14573
4129
13925
4386
7839
13411
11279
397
1041
12888
8461
4031
867
488
8549
795
113
4741
12000
14551
15627
3051
6219
15175
9721
3943
11110
10176
134
1805
1517
6451
2495
1982
8754
12487
4889
2562
14727
3195
10110
10269
10881
2509
9269
11119
15956
448
927
7023
7509
10672
3553
5418
11629
11343
1816
501
11022
9818
6311
9022
10995
6309
3430
11331
4999
9748
12612
11351
13925
2933
1117
9713
10750
3664
3726
600
8399
11295
7375
10999
10796
12172
8394
9613
817
12009
10549
3623
9263
111
12538
738
10065
9270
8031
11589
11849
327
3037
3449
7673
10705
8784
2871
12975
2038
15798
14348
12595
7488
2406
2128
3349
14903
1929
15280
13361
1890
12155
3954
8948
436
5082
9936
4020
10484
15636
3964
7510
2947
12337
16356
6362
5932
2020
6196
11646
7808
9031
9967
12812
10186
12405
15176
966
11954
7426
1425
14079
8194
5785
5479
3687
13926
16153
11543
502
870
11077
1501
6997
11929
2164
7235
13017
14847
4412
11910
3679
4041
4405
5617
12009
10151
5157
5933
5035
10702
3061
9930
6234
14164
14125
16307
4114
14874
10121
7821
5273
15727
2010
14106
13517
7749
13077
15865
1007
977
11152
12026
8934
5848
5192
166
5588
3757
5586
12276
14394
16066
6379
7694
12758
16030
4015
4457
16089
1571
8188
5649
12786
14681
5951
3425
3490
9593
11730
11408
8330
12266
8826
5604
2585
15705
5517
8345
5944
8707
5271
5823
7445
8630
1526
10774
5405
5023
6212
6004
10478
14048
11008
7860
10920
6256
13712
10627
6099
2273
12473
383
3243
10204
14294
7275
12793
7633
10752
16006
5363
10911
7649
14729
10257
8451
15857
6443
7257
1809
15874
4371
10948
3653
11322
1717
13633
12975
2699
5143
9103
12926
1813
10633
7931
15259
8273
7435
14007
8959
14351
12667
6727
11491
879
11115
4431
6971
1091
4755
9675
6970
7472
2857
3435
3863
15435
9441
3301
14487
10297
11655
1767
14219
4750
9803
11259
7459
13927
12779
4723
6813
12995
1969
1463
2787
12324
3530
3396
2671
5237
6955
7540
10996
6153
12310
7530
13216
2362
3650
7506
7010
10394
15402
8382
15224
7451
5065
4409
14555
6348
13289
4625
13817
2249
7272
5982
15560
6736
15852
13798
5950
11992
12070
4286
6110
14110
11275
4253
13746
4764
12060
10148
132
12569
14749
13128
4832
2186
11096
13480
10434
11772
15776
9432
10364
1934
15516
9480
13577
14724
13576
10240
10498
11887
16267
920
9061
5126
8092
9016
12524
14871
12651
14057
2145
14745
3804
3348
2536
14580
10852
3840
2948
62
2433
2109
8675
8975
2541
606
2361
4363
2839
15486
3719
5828
10408
4200
5648
8197
6196
7134
11037
14658
5017
1605
7145
7389
6725
1357
3440
13295
8789
6071
9438
7531
3763
15040
1075
9835
13385
13994
8207
5233
1635
6459
13979
5827
851
14955
13884
7963
9773
6054
3537
3437
9657
14071
5629
6886
5943
12531
730
12065
8912
10658
116
1773
2489
10086
16011
2478
11478
11999
9396
13532
1703
15541
3136
5352
8997
12805
16314
14488
5458
9467
12499
8233
2388
8630
1589
6434
12655
6810
13391
12123
5753
12573
15992
16215
149
14521
4476
6716
9815
1121
8611
4170
5341
9716
14289
8448
6726
5987
13904
16363
7060
12628
4328
6755
8283
15663
3466
3798
8840
9014
1822
3974
10390
2408
3779
8251
8017
11699
11644
10282
10533
3289
12152
7627
7693
9945
7223
9985
9865
1375
4006
4664
6514
4103
7759
4428
11773
14175
6773
15761
16299
7826
7577
8687
1744
7974
3216
10974
564
9682
4600
10827
2829
8851
10267
981
1639
3235
7263
11247
11268
15524
5702
4753
16310
6198
6963
5415
7045
13025
4913
10121
8001
5803
11423
857
2855
9531
2643
9484
8293
16245
6597
2920
7902
10083
10080
4217
8444
7458
3686
10099
2751
2907
12815
7888
4206
14726
15925
14725
3261
4052
6630
15472
14642
13635
4162
2592
15604
14215
13658
11888
5512
1606
1999
9103
11819
1820
9138
9137
13514
4540
12730
4139
3191
7711
9799
10215
5471
9977
3980
478
7885
477
12293
2423
7570
8009
14084
7076
368
8900
6069
5668
4584
3792
10004
15241
6303
964
7840
6488
8279
16033
1425
1857
16032
7356
9702
14784
15698
12127
11964
3890
10387
6911
14931
13607
3739
15802
10153
8018
16098
5140
15794
3572
11431
11430
16303
8279
7935
15589
9378
2211
13146
14390
1746
748
8368
3290
15221
7319
16299
4923
10250
12162
6491
9701
7165
11189
5942
15166
3042
1736
11122
3648
743
4661
8430
6234
3010
1814
13475
2663
3708
4480
9860
7205
3659
14989
11314
7323
5425
1771
14893
11930
16178
7134
6646
8685
13369
2816
5326
9211
10129
9595
10887
15997
5055
7201
11193
7899
14617
6529
4894
15022
1132
8864
15536
10367
9296
7478
4080
4148
8886
5176
12168
14798
9516
8740
5638
5516
8522
15113
1708
15112
13680
14952
6784
5279
9863
9464
14383
3924
797
2517
796
4825
14244
4346
15367
7287
1167
6779
11063
12405
5037
9752
4021
15661
11537
1254
9440
11826
11854
8423
15666
7469
9853
10736
9394
10917
12571
9227
4899
12955
10156
1835
1054
15306
12574
13140
7318
7296
2662
2460
2700
2184
1266
1476
283
8503
11071
5581
7120
4679
9234
1648
8768
11940
7106
486
4920
14348
3345
5719
14263
8399
3264
14405
6674
6370
4758
3378
2340
5899
11294
12636
10792
8332
13640
7111
3802
5896
8930
3170
11282
13076
12164
15700
3474
6205
14829
14525
6397
15293
11288
252
7736
7735
4549
1893
5
14997
2740
6036
14840
14419
6790
15873
8161
8854
12782
3174
11667
1235
11666
10546
10858
858
12942
1190
10538
13937
15449
10845
4509
3145
960
15574
12098
7649
14524
12671
12222
9310
858
9368
1588
12340
10519
6802
4853
6213
1061
8421
15061
7504
844
12332
11244
5967
14031
8463
1673
7108
3722
7344
1969
1350
15828
4940
7572
8662
12842
12979
10015
5702
10892
2998
12840
1980
14556
15924
13193
9466
7076
6064
6854
3070
4507
1162
13697
14025
6052
3828
9396
11251
9395
3640
11164
16338
13061
263
12463
14839
3277
8470
10552
13820
9814
8831
15749
6729
3855
10715
9283
13819
9395
14631
4191
403
14949
8675
598
3690
11513
5349
5810
260
9156
3121
12620
8129
3345
7069
3355
2365
3101
5429
8765
7297
14564
16284
332
1500
10172
11249
14795
5040
16329
13899
14199
10403
15847
9099
7643
16093
6343
9839
10147
2379
1401
10181
3815
14795
10691
8155
6255
7008
15001
15076
277
8395
735
10262
3591
7112
11425
6156
9731
3471
1545
1007
10327
8803
10753
6357
6583
13011
8835
10731
1639
259
1327
4864
658
1325
4660
11302
2252
13002
2742
2270
4486
3614
12842
5251
6871
11205
1150
6629
12733
16117
10532
11048
8949
8545
1695
5662
3278
14832
8851
4225
6076
10103
6593
9867
8746
7011
14274
1462
1301
670
9866
13759
7103
282
13473
6122
13746
14729
2481
11409
4187
14167
14325
9176
856
11774
10263
9824
13868
8520
2886
2512
15755
3643
4814
6026
9616
4252
15245
1645
1438
13718
2471
7861
3097
15405
12333
10851
12844
2253
10717
4508
3467
12269
13055
2538
15856
7144
2494
7308
14578
14640
14928
13304
7791
9674
1261
10794
5889
10441
2373
2987
9055
12095
5119
13919
5753
9097
6654
4685
1969
13059
3870
16034
12345
14926
9874
15038
7040
1961
4622
15255
12646
15254
10686
14894
59
5569
2166
15007
9532
16333
8796
11759
14826
12873
11644
6931
11707
6521
1453
3230
2646
5178
2490
12050
1658
1545
6895
4790
793
15037
12670
6754
12554
3746
6574
2186
3217
9743
3088
9701
11498
4810
14838
15226
4776
1434
778
3890
3490
7978
6001
8467
10724
11821
6171
11799
11797
14493
13021
13821
653
11742
11592
10259
3903
11019
835
8163
5089
1015
10753
283
4539
7350
6469
12621
3227
6638
13104
9369
5376
5627
14311
13503
8121
6721
13716
10777
12661
2627
14297
1482
3474
10113
11843
219
15201
3180
12364
2036
9188
16276
15412
5972
9890
14674
394
16047
5042
6456
13317
15498
5036
14760
6450
4478
9854
6318
16366
10422
2459
16337
13553
4586
10487
15062
11471
14211
10555
8904
3560
14874
12214
12638
6039
1343
15521
4368
4048
11911
3669
3762
8090
7690
16022
16271
12676
12868
11108
7702
14066
16038
9918
12742
13034
3038
3890
7030
11231
3663
5560
3626
4050
14663
9975
8189
2417
12367
7239
5923
5205
13259
12823
8518
15655
2892
11620
9205
14669
12810
1998
14723
15525
15516
6958
12263
12403
8129
14857
7222
743
11289
12739
10715
15091
4112
3843
2655
13595
15552
2648
5944
10368
1907
9561
4381
5887
5402
2122
1442
2002
5122
10802
4540
9702
1994
9998
7606
13594
7170
14442
686
14224
15762
13786
16322
9146
2131
10163
1555
7170
14191
3133
7117
5147
8555
8827
10810
3130
13114
4953
16360
15271
8551
3255
11751
6998
14420
452
1235
2418
1746
3697
6801
13599
4831
11378
9123
11598
498
6935
7091
10029
6014
11486
3318
934
5847
12100
8276
13832
13785
12798
2839
8127
15573
13334
7755
12592
2635
14092
11744
4530
3714
14203
7007
2662
5006
11335
4516
7572
16154
16286
1562
1490
13755
9143
15157
14315
15535
3461
1654
5494
10317
11998
4280
10129
7022
7485
14167
12964
9492
12441
6955
10937
1565
10051
14113
4462
1630
15678
7424
9056
4498
2030
12762
14893
7421
15735
10917
10916
4339
13566
6574
6459
11821
14183
15951
4915
1351
433
647
2554
2166
7211
2597
15593
636
8284
10582
7730
13563
8119
59
6377
3146
11986
7831
8189
8894
6390
8870
16138
5816
7288
15704
15996
12873
8209
1743
2286
15036
4635
15087
9613
9237
6972
13564
9596
14099
11555
3858
7751
222
8654
1566
4765
6725
13829
3293
13524
16179
7883
6073
15921
6112
3766
14855
14239
6049
10189
15983
1986
4754
14248
12802
12362
6506
6497
14793
7937
16169
797
9567
14874
9217
9137
14873
13352
6620
4706
12652
9484
10668
12639
8749
6845
4109
2213
12369
13265
11888
3816
8249
7579
14191
15288
1053
2957
15205
12812
10387
8820
8839
11271
11271
746
3496
5084
5907
3914
13945
5259
3607
10641
12902
12259
7024
16258
1738
12209
6968
4054
11376
3783
10394
8578
1640
1157
8353
13418
14610
12451
9512
10655
12735
11463
12427
9523
16231
5980
6899
4964
2699
10535
3912
9079
11227
5563
5879
3153
7185
3601
4949
1539
2933
2168
6879
12052
12506
15108
8202
12118
8268
8290
12380
6581
6384
3730
12520
4884
9056
5208
16372
11196
5404
2242
10183
370
3911
1213
9045
1421
13731
987
12282
11811
14591
3285
15567
11663
10012
10011
8429
4649
4038
7213
11807
7475
5256
1694
2654
5242
502
15015
3351
11918
5652
7436
10372
13211
8737
2964
8762
8322
8098
9056
11410
13956
11548
7432
11824
12884
12732
14780
2950
1172
12083
14238
1459
5246
4207
5035
13343
5231
4951
1271
8489
5176
10986
6106
5154
9654
12349
1554
3197
15059
12201
14345
4763
1663
11015
3963
7647
12061
1765
9431
6217
8621
11892
16231
4794
15693
6910
4046
16122
1898
15269
1691
16071
16245
1458
12065
16037
6728
5183
16139
9176
8272
2641
6693
11923
16021
6068
602
7046
13305
7824
73
14228
13621
1683
3667
11745
13399
1949
9727
3196
3108
11204
9882
6618
2842
9000
13783
13657
550
916
8467
9701
9027
11712
8112
11451
13099
16210
10290
1473
16151
5569
9953
6583
11119
11951
2880
9942
2710
14166
8790
2225
7651
4117
7917
16251
3512
12153
5133
12221
13895
8519
21
4767
3172
1565
13074
3922
13881
3919
1422
12430
9811
15569
14485
8965
8502
10457
1067
6067
5282
4306
8786
8290
3921
6245
5329
11244
8134
213
12273
16359
2863
8717
14665
13737
3278
6369
2290
514
4578
1746
2929
9079
241
3360
609
7881
1560
2775
14700
9065
2851
9875
15113
1592
4800
717
15938
11730
15190
3515
10757
3915
14202
6690
10241
7748
4398
4790
4353
13441
8316
4979
1433
15985
12795
13071
6100
3580
11866
15132
15228
8228
13756
8221
15686
16362
1016
7925
15938
79
2611
3864
7832
15897
2050
939
4030
16358
4597
7291
8282
15621
3786
4472
5500
3054
11910
6094
710
13338
9046
4770
9286
8268
3336
5343
174
9462
12025
8749
14847
7781
16133
6999
11049
14313
15481
1818
14840
292
7481
4066
5452
7092
1615
12788
7562
4199
7005
2037
16103
6192
15001
12373
4829
14021
10471
7813
2946
2693
641
12128
606
2661
15782
10227
2056
7994
6257
10624
2472
7864
13566
1217
8567
15533
3177
7933
4970
4738
2988
4683
9722
2986
13446
140
11606
12196
1153
10334
6865
3065
11967
5935
6903
8663
643
1586
11456
12494
14254
12494
9853
7145
13405
7623
14223
7423
8565
15621
13270
7317
11421
8872
11094
9759
4581
9963
551
5751
13507
1853
14813
11081
16289
8273
7512
3800
7762
6934
4652
761
5181
8799
8011
9698
9734
8698
14022
3434
2496
2182
6214
14046
13216
3931
15956
8811
4601
1964
5564
6164
5115
11687
3964
13152
12846
9415
14374
523
14982
3002
4046
3882
4696
16382
12130
5515
4034
306
9926
5756
11567
9166
8429
15644
15907
14192
9485
12804
10263
9218
7427
8084
10757
4319
8773
9655
5789
1618
10844
11200
10527
6784
5870
9544
6302
7042
4490
1210
1042
8154
13938
11894
13930
8130
12190
12922
2804
3326
5149
3711
6111
11156
14042
11380
3688
15582
82
13941
9406
1200
6815
8198
2947
10648
4996
8715
3098
12381
13255
8093
9157
11363
13163
3489
14683
2059
6195
8979
5963
378
15738
14445
4893
3880
3209
11554
11162
8811
3634
741
2398
7407
5816
10697
14151
7393
3617
1560
2628
4723
9672
10617
9757
13636
12851
3535
3249
5795
12841
11309
6175
2297
733
1521
1561
10695
11316
10720
11152
338
3912
4412
14996
12511
8296
8020
11791
2652
12563
15694
9913
4421
7655
2263
10345
8019
11717
5650
9679
10764
11443
825
13145
10361
12785
9014
8035
9827
2002
3158
2374
10778
15549
4983
6481
15520
6290
7368
10824
11270
4789
9640
13216
5960
15855
8475
15045
14648
10110
558
226
11694
7873
13764
13295
11960
1583
5417
13768
4570
9279
6375
14623
6055
8350
1855
7746
6430
6950
12574
2052
12482
4307
7525
12579
10031
1313
8955
14759
6481
3965
10527
829
1676
3284
1468
163
1805
15681
6638
12729
4921
4619
14761
345
13745
4768
7254
9828
4024
9360
9560
7318
9674
12009
6132
3982
10449
15455
471
14759
3167
8575
8098
515
2492
2074
15675
371
8085
12455
2154
14085
11229
175
12294
254
322
9569
14315
83
9024
6292
8331
21
12815
651
4059
2263
8706
1252
4908
14120
12361
13061
9681
6551
7346
3900
4049
3572
2627
12547
5156
10754
12476
1554
14382
8586
2115
8200
676
12040
10508
6929
2221
11385
624
5115
4673
313
11521
3329
8192
1103
6217
3275
9679
12350
15830
16102
10913
2099
4228
12079
3101
13369
6607
6791
8223
1070
7447
16270
15778
8462
3902
5080
11598
854
8446
10220
12666
10286
984
15170
3934
3311
4140
8562
5943
4949
5182
3019
11119
13967
2821
4637
1581
4001
13395
13909
14547
1851
14095
1227
2807
1059
11931
14566
4336
6889
15933
2751
14712
666
1636
13288
10638
2803
14265
5481
15902
1832
12626
6473
3746
3640
8716
13638
3768
5464
16232
192
1542
328
8380
5889
15259
7159
6782
12726
16165
14541
14619
10526
14534
7374
3190
870
8402
15222
9782
2518
4486
13598
11684
12079
6969
1717
1428
10946
12324
13656
4989
12495
15402
6650
7731
6595
8086
3888
72
10986
13520
6504
11571
11835
7321
5145
12453
14139
14146
2122
8390
15180
10756
3732
12884
8018
1792
7760
3936
8558
714
1111
7747
14978
4210
6828
2647
12978
5868
4868
7152
9979
13205
3141
923
2705
10705
14467
15402
6362
12682
2162
3383
3247
9516
4177
12705
1728
7098
2210
6084
9196
14699
7755
2358
3208
7225
6352
6650
9635
2766
10924
10968
4151
581
11154
13874
13053
14304
13188
2516
4213
11038
1960
15830
7094
1758
13518
9305
6887
8511
528
2612
3808
1158
11972
1187
9170
13445
3282
7026
9214
3909
11607
3070
5454
13784
2611
2392
12982
12479
2701
15395
12115
13403
2687
7274
15098
10834
11944
4128
9708
9306
7418
6873
6001
1614
8831
5067
14413
14627
14581
1073
15550
14993
4918
1472
6566
556
465
5319
7351
3223
14224
12107
1972
10371
337
5977
639
5167
6961
14621
11089
6413
5614
15693
15693
11184
13718
11828
6844
7784
2144
2265
5487
14804
8372
9642
7192
6254
6236
6293
7588
14212
15948
3876
11842
15310
10210
15583
8072
4026
1671
5948
14947
224
2938
15031
2925
11869
12636
14203
2848
12567
10576
13960
10100
13986
16001
5172
12210
12146
1310
8845
12139
6715
8359
9947
10118
7987
9804
14574
7902
14920
7960
9103
9059
11647
6194
11430
16031
10062
15419
6939
13139
411
2067
4044
10730
5762
15257
8919
13847
15198
9506
3657
5436
2742
5391
10249
7004
11332
4080
15144
7831
2817
12160
8931
13176
14851
16313
10514
9576
8238
1930
1065
2548
6325
5907
15001
9872
8652
7442
15921
8676
8616
8408
1599
8717
9651
12784
4434
1085
2650
12040
10538
4841
9729
13393
10383
2704
6544
1027
3203
10174
13390
11930
13150
1642
1685
1051
5252
7509
3374
14875
5065
1608
14648
14629
2800
8185
14328
9427
11103
15107
11069
987
14339
8169
8865
4112
10956
4469
4489
3585
10089
3819
13341
3078
4990
1405
13595
11457
8649
9353
4010
15336
1480
11814
3115
927
5193
11041
9153
6319
3974
2909
8733
15740
14665
1403
2385
12027
8426
14184
13515
4744
5105
5147
16085
7094
1173
13297
734
12318
11853
8669
1485
11522
11920
2335
7387
1386
1997
16048
2578
10617
11993
9560
6860
15812
11937
3556
5329
3580
1612
2311
3533
14785
4134
2063
1183
491
8707
599
15551
7359
7394
8450
10371
5934
14127
12302
6482
11037
10865
14899
10052
54
6536
318
6532
14934
15019
10268
9120
974
7911
7487
16233
13574
5493
10656
9429
3382
13530
1144
14730
10180
11945
9991
53
13714
6189
5213
6176
5363
15702
9691
7747
16171
3111
4054
16281
12932
8316
7760
10066
10082
8958
16198
1340
15553
14713
1264
10648
15070
1515
10265
14860
1262
14236
5431
694
1251
4203
13621
2689
14543
14535
4284
1032
2219
12614
3128
6416
2431
2430
10736
14455
1238
7782
12810
12017
13124
4599
7650
8826
12130
15444
9407
11123
6083
4839
1876
10044
9462
1857
5330
16231
13895
7261
10319
1364
3981
4214
15406
10102
8725
8516
13610
5991
15465
1787
7216
14360
13359
11651
6550
1171
10919
242
144
10084
14168
2650
792
11348
4220
14805
1351
4252
9534
14794
8043
3030
6981
10817
9363
15606
3926
9183
15219
2193
7575
2873
14901
15133
14267
11294
9093
10659
6709
14090
9271
8355
10067
2735
12630
1052
12421
12855
2623
4181
153
8851
12407
3023
7146
5310
16230
8880
14132
14903
1221
1095
1925
1949
6725
6664
7368
7968
10220
13754
12548
232
13841
14778
3576
10169
7506
11609
10218
9950
6704
14603
1991
12713
12628
12700
14158
11821
2564
3528
2660
6602
2276
4645
4644
8568
7861
2436
9354
12133
11740
6436
5088
9888
4160
4688
16288
11544
13204
5105
75
10678
1181
5566
5508
5609
14849
1033
15244
5777
9289
7179
6734
364
13832
9017
5271
11663
6855
557
13729
2823
5167
10966
11940
4014
1704
15209
13199
5699
12951
12281
4415
4355
14371
15430
3114
12626
14218
8556
3067
8118
11376
9731
10236
384
4577
11913
6179
13801
1789
1936
4023
1828
12287
7603
14589
14228
14385
12763
11880
15920
3780
3767
8827
7028
10366
8446
11711
11268
52
895
9473
15571
7588
1424
8182
854
4888
3332
7744
6061
6298
5600
7505
15033
1271
3499
13398
7938
7592
237
3068
14230
14906
948
13210
14503
1028
12181
6515
6613
9741
7357
11589
9717
4919
7109
6587
12657
15049
8846
13247
2232
7595
7570
664
7097
12833
8869
6483
3661
12504
12896
6224
8846
10292
2253
8039
2329
5661
9995
13167
7816
11243
2244
7694
14052
6718
13334
7986
4669
14269
493
5445
11600
16161
13608
13230
3523
5060
11943
4831
13119
15023
16328
13535
11356
13740
15280
13124
8416
7084
5278
12814
7490
9142
259
2523
5115
12925
183
15207
234
8408
13249
12955
9730
8300
13224
12517
9550
4978
13038
856
3154
13320
12642
9676
15164
15150
12998
10808
2316
10945
3809
4774
16360
12472
3256
12620
13706
15032
2130
8339
9575
7157
5031
67
4216
9
6169
15665
9166
4389
1440
960
4326
4940
4841
1888
696
4367
9029
14421
12549
2156
16368
9147
12027
3682
5114
15456
9084
4275
7900
11266
6862
11739
4856
9836
324
3950
2156
7615
3503
3190
14607
10806
9965
9741
9736
11247
2652
4261
4409
12338
15422
12844
12131
9732
12718
12022
8990
12322
5060
13842
9215
13562
1258
13886
987
391
5015
13759
11233
3523
1901
12005
3095
4511
3842
11213
533
13213
4231
8653
9461
4
2796
9108
36
6572
14557
11897
10133
13121
5253
993
12401
11264
6547
9068
1797
3699
4663
4241
1333
4995
12729
15461
15057
11977
3005
3185
16345
10410
7302
5993
4814
9331
11477
806
8574
12720
1616
10874
14114
845
2892
4640
8802
12301
14135
543
4098
10018
14165
2136
14308
6388
2750
4930
9342
12297
6217
10583
12759
10248
51
883
15571
14002
7590
6466
10890
1198
10070
6294
1774
13546
9894
5629
15804
10057
10352
15903
1326
9693
15770
8522
16246
13124
5907
16232
11832
10604
5963
10603
14091
9259
14773
6165
15596
5750
12336
5659
3327
15707
6731
975
8571
8630
10526
13701
14726
384
15044
14099
5372
9882
16134
15584
10064
16154
1284
9699
8983
14140
3524
8769
7525
305
9456
8968
14091
16255
2913
6934
4862
7292
6726
14838
6038
16216
2233
7409
12537
879
4985
3630
1119
1271
8703
13879
1843
14349
1193
6321
6563
9783
13598
5168
5727
8523
9944
6194
11415
1875
10463
8299
11539
8969
3762
8385
7060
3117
4236
3194
7938
1978
11060
9690
15675
15681
11374
14091
11444
2845
8124
10583
9687
4829
11590
10902
13622
6612
15226
3996
6607
7554
6796
12256
15418
14122
10006
3788
15368
12373
7139
14771
7329
10949
587
15859
9195
8262
1203
14882
9667
15856
2043
1450
8996
716
2829
8827
15520
12949
285
5605
5901
10361
13633
14438
10
5713
9633
12813
9390
12697
13041
13257
4347
14294
5311
6938
3971
3987
14206
8426
5693
11442
5461
11575
12093
1906
358
10920
15726
5418
5986
14006
10114
10202
11122
3990
3182
10802
15724
14165
10421
4821
5287
1913
5241
7155
8041
7258
7924
14083
10864
14675
15639
9615
15575
4925
8071
5097
12457
8541
7923
15209
13919
1581
5013
11049
4927
7479
14629
7187
95
433
7
6350
12702
6947
3353
11871
5085
6739
14226
2697
9626
9567
6637
3485
353
13383
8503
5383
2855
7171
10383
6463
15591
11524
3136
3135
15184
16336
195
328
14576
12018
5397
3557
1872
3041
5558
15438
10357
2198
11008
6980
2157
2982
16036
16168
13246
9866
1390
9558
14108
15406
6033
1948
13065
1034
3830
14626
9702
7292
12970
16259
7231
10333
4805
11806
10075
8429
9022
14738
9269
9268
10883
58
11393
2849
9711
7853
12652
2441
13165
1077
3203
13706
3646
2666
8204
242
3281
5761
15762
6501
6394
12108
12099
13596
3524
4516
10476
7262
15529
8051
15187
4023
6548
14278
1022
3970
1590
611
15744
6816
11864
102
5558
14446
1362
15241
1502
10874
15459
13354
8198
14733
4869
9105
15473
6770
320
217
10523
1215
6466
5430
12087
15968
13008
13440
7913
16063
14493
3470
1562
8870
12534
12307
10833
8419
10126
12830
7885
451
11722
250
14314
4652
8444
4651
10861
9789
11851
2993
16254
1834
10369
7755
6593
13526
14328
3398
12238
14319
7769
3629
12294
2275
5944
3936
4429
5037
14260
11252
15028
10996
10858
14343
16201
8855
12815
10766
14628
11163
7131
5017
10288
15303
7676
5467
8103
2013
10153
6471
11945
13765
8253
15980
12796
8132
11208
13808
4744
5303
2726
12259
2605
9795
5337
1029
12951
15453
14703
6709
11501
14805
11689
1416
5788
12008
552
9828
8645
6214
10292
4377
11495
754
6001
1801
8681
8152
12969
10337
6604
895
2696
1414
5502
13686
3796
6826
10942
10846
7230
13127
6888
3053
7503
13745
5813
10625
11716
4846
13337
16284
14636
10079
16040
15648
12681
9383
2095
14959
11849
12621
9673
5549
2277
735
13855
7031
7265
3701
2507
5099
15965
11225
6277
7869
180
7428
13491
15800
13687
10416
12850
9320
12512
5798
1336
10402
15054
9135
3037
9451
9062
13654
2326
8946
2153
13421
4203
5211
10465
6265
8650
15903
10401
10813
9111
13753
7172
14859
8829
12053
11164
3765
11218
7970
2488
6544
3533
5501
6813
9843
7635
8473
779
2392
1672
15600
9800
22
10710
15510
5459
5493
7938
7936
872
4560
7983
12
7617
7368
5856
15205
285
12355
8549
11299
9117
15601
15257
12625
148
11285
2004
12105
11023
3157
8554
14842
7673
8976
3016
5505
2893
8754
13059
7619
14016
8632
3023
15502
8910
9806
9998
15685
10987
2101
8074
10986
10964
7451
14943
10428
8037
8467
8089
16071
10574
9453
14369
872
4673
13713
7500
13303
14179
13963
406
4054
377
15029
1205
9685
12011
832
1101
5261
4707
1332
5524
15595
6213
9748
8276
14997
4250
15885
1406
4670
11835
7641
5061
16381
14249
10161
7761
8503
251
11062
14027
7476
8770
5285
3655
11807
11135
3519
14143
15182
6177
8183
15186
7961
7038
16365
16006
12983
548
6040
13072
1848
13128
5432
10136
6845
2501
181
16149
8231
8966
12160
9980
3530
8860
6166
4756
15806
1346
8456
15978
13794
10822
210
14807
11814
16297
6565
15509
9477
14979
1061
14069
605
516
5264
11504
16310
3119
9716
1335
6163
5179
15201
5469
12762
5823
13411
5332
12852
6642
16006
1675
11470
15728
14992
15176
6409
4173
2042
1913
11694
1242
9378
8393
6354
9926
1062
7664
21
12907
15608
7976
2846
14178
8197
7443
16252
12522
1970
6485
4906
4521
12476
12593
15654
4124
14382
10736
12878
8934
15134
9960
7934
6114
6842
499
6635
10213
1150
13672
15810
2552
15054
5688
9430
7066
13104
877
16251
3207
7718
5811
9315
12451
9021
7646
9649
863
12851
16123
13971
13907
12397
6398
13505
11858
2956
2670
7928
11417
14558
8961
1337
7301
16083
15019
5061
13757
2713
8289
1056
10518
8254
3783
12199
5287
8897
3941
11485
4565
1860
11429
10843
997
7983
13133
5067
169
14823
16261
13541
10877
11530
4541
5012
13368
7780
11100
780
7548
11896
4050
840
725
7011
802
3010
7683
870
15306
4130
2470
8130
7964
14636
9818
11850
14734
8463
2331
9991
14332
1460
14918
10261
5287
3304
2566
14242
6012
4676
13722
11971
1922
3818
3254
8994
15444
13170
2450
13208
14454
1082
7288
6851
3902
6850
2686
966
11994
6975
14024
9712
6324
787
9279
6942
15558
15870
2930
13645
1861
4637
2746
5035
11482
9682
2811
15490
8513
5974
15289
12573
6582
1135
799
12297
8605
13732
9799
6959
11097
26
8346
7775
7398
14854
3101
26
9629
1789
9245
15789
8093
5501
15988
4781
12233
5177
463
1385
2237
8703
7285
3996
13515
14089
449
1205
5985
5024
15040
10241
4719
2179
15455
1233
15283
8117
7549
14686
2922
4624
2725
9966
14177
6696
14264
10714
3664
13021
16250
5960
2880
1742
5645
3979
13669
12312
6182
11236
1016
8747
4571
10083
6315
4567
10661
7290
14865
4153
5345
6011
8845
4153
4761
12156
7359
13695
7327
2684
2277
5658
14147
10998
5900
5488
14971
13080
8038
11991
13582
1079
5704
862
1708
9656
15569
7287
3029
3844
12792
14504
5989
11240
10095
99
6968
11826
5680
1750
1839
3966
1716
14116
969
12744
1901
9424
13646
3800
1362
850
11365
5804
10231
11221
8227
5789
4293
7613
1297
7047
7584
13803
1925
6886
6827
1745
2222
7436
2488
1032
8066
72
15451
803
4970
5072
1781
2291
1363
10169
3521
12771
12666
943
15970
12218
12170
14310
8242
15288
1978
4090
14710
186
1360
2750
13343
6018
13370
15218
7907
9000
6126
7219
8857
12446
8290
297
1511
10297
8765
1387
12659
7879
10147
13248
11871
1637
9741
1431
10091
14792
5318
14038
1790
11946
14028
13078
5301
117
146
4032
12613
15806
2756
1240
13976
7228
1523
1122
11018
15860
13640
8557
2394
3762
10692
784
12638
5936
4586
154
13620
8224
4011
7130
7455
10304
585
12048
12079
1982
4054
1969
4197
6485
2386
933
4614
8129
9449
12837
5815
7007
7695
6167
12199
12938
10782
1146
9705
2809
5190
14294
6902
3578
15626
1647
15289
14829
8617
7641
5377
329
4409
4618
4617
14432
14176
8678
15488
5942
16356
9927
10369
7985
11712
1067
6407
8150
12714
15454
7166
6232
14797
1625
309
8845
287
1602
10065
14275
12702
6436
11273
13839
5327
8701
14724
12395
7275
10427
2543
4791
1345
4091
5998
4299
3774
7655
7433
14764
997
6467
14923
12678
6414
13780
3237
159
15251
1712
6217
16163
13094
12148
2789
136
1992
7022
12006
406
4959
5068
16274
13754
14595
15121
11847
7531
6295
14077
14175
9307
2735
10489
9897
10223
10732
12267
1227
12415
14077
8019
8565
14241
247
10310
15789
2757
6805
10231
931
16077
13044
9460
15529
5073
4908
6842
183
5206
3023
847
3114
12376
4630
13840
6993
3401
3394
4703
15493
9269
9833
5191
7160
8849
197
15130
2747
13629
14053
13140
14810
7810
7684
11650
6115
3487
9461
13486
6331
14825
2993
4381
7450
7545
13292
15170
11596
1502
13480
8424
5700
2729
3622
12732
6578
3624
15707
3837
7817
8552
1994
5466
15345
10944
11889
7434
9375
3897
9582
10826
7290
9568
11216
10632
8398
5693
7023
14740
15748
2580
2354
8926
4999
11006
8791
13492
8907
9531
8224
1688
4075
6592
9987
7437
4028
2579
5751
9326
3051
4762
6474
3934
6836
5104
13413
5828
15354
8192
10883
7965
14879
13736
391
5688
10902
5835
10674
8748
8611
7164
5326
11320
394
12340
14376
9680
9428
6726
11288
471
14413
4067
1959
7367
5298
5684
13562
12831
8637
4251
2883
3107
10826
4886
12610
13986
12487
15998
2922
6560
5613
2902
5399
3045
3537
12795
5648
13504
11398
3223
15324
9252
1004
2460
16096
14265
10375
1580
4531
10118
5133
1981
3269
712
13240
13811
4770
3034
13649
11699
16271
8262
7758
6868
8415
14752
14717
11880
4593
7401
2334
13209
4186
14587
4143
3770
1456
4441
3123
15239
10134
9915
168
6265
2569
5272
15488
2509
7025
6215
15583
4923
5507
7023
9107
11972
10086
7772
3165
15515
673
7140
15023
2324
13552
482
12648
15290
4402
2747
12586
13240
10455
6811
15361
8860
2370
257
14730
8837
7699
4443
9571
10203
15469
7694
4819
8639
11593
8180
13017
3097
12021
1043
10612
14397
14614
3646
7426
966
15339
4433
4783
12456
3008
3965
16253
8805
5820
15159
10241
5133
4819
14333
542
7772
10928
12813
4589
1068
16300
12896
4545
7388
9536
11476
9140
2721
605
7775
1843
4075
4427
3796
15738
2114
10214
2933
862
15614
5903
1645
13337
4851
10417
13011
10403
11833
15081
12395
1604
4214
15678
15127
5143
14701
14135
4445
15263
1769
15589
4435
2879
359
8769
2117
11725
8513
2713
15320
2854
677
110
7976
12061
11833
12069
8437
2633
13176
2174
6966
11305
6006
11340
4378
5190
9934
2542
1463
8230
6452
106
11038
12068
4494
14259
15958
1125
5722
2284
4742
12166
5554
50
9963
14956
9962
4530
9689
11405
7787
8974
12318
4480
8648
13817
3473
8089
441
3662
5729
16369
14072
5341
10927
14987
13590
14454
1160
5807
11903
4277
10047
15268
14448
7192
5341
10955
215
14637
7853
2917
10555
7871
13105
5747
14208
10245
16239
3364
2140
11396
15428
13988
6060
10052
7609
3553
307
10771
3475
9319
6007
13562
2286
8450
16010
2546
13738
9541
12082
5376
3712
10070
14338
4390
14190
3734
3624
6625
8730
12529
6626
11937
4737
14669
6970
9506
3534
6544
3706
9159
15202
3036
3760
7285
246
13148
15508
9628
8452
12796
15961
9660
5722
14783
6965
14722
9338
14364
14934
8762
7219
14399
3328
12104
14047
7536
14081
15789
6549
6609
829
4181
11875
16156
15056
600
15260
2690
4160
2984
11968
7309
8006
6542
2982
14382
5694
1314
8179
2490
12316
530
13831
10123
8422
7964
11964
11274
5378
5374
14954
7676
15911
11885
14119
8253
8174
6072
4456
3256
895
9558
2321
9766
760
14896
1135
2745
3847
13044
1107
2079
9520
12573
9689
4374
7108
14900
6457
12792
5665
9265
14349
5165
16163
3958
54
4912
13483
12570
2592
1562
65
11596
14376
14373
3644
15931
11777
3117
11877
1256
8528
11592
13400
14878
10561
9131
21
12417
2032
1589
12324
1840
12102
12280
8831
1718
9463
1732
7827
8447
1486
489
14207
2472
15380
13111
13952
2736
7304
7717
12957
4181
7768
10022
12286
12054
2
7412
9143
1036
794
4336
1573
14828
14979
8551
756
8368
10839
13617
11816
10636
12715
16137
12780
9372
6396
3933
4059
3545
8624
3821
3374
2618
14458
10025
10292
5360
1131
11476
726
4626
9140
12754
7492
2625
9951
1145
10290
11697
13818
16020
15065
6089
11242
2310
2238
1618
6439
5962
225
1882
8498
4994
2229
14190
7093
8111
2471
8901
14865
6399
12234
4449
4142
13048
8021
11743
8496
11118
2198
470
9480
5406
9128
4726
3361
8952
8069
4511
696
9993
13655
10849
15936
1287
8834
7672
3823
6942
9920
3252
14049
12031
12430
12678
6365
6221
15990
5276
5423
3262
14762
11
668
9982
1424
11610
13486
7734
7282
14351
15673
1704
15688
13425
2150
5543
10015
9362
166
13882
15229
13391
210
13628
14508
10918
12761
12939
5365
11674
9221
6621
4483
7703
8961
3261
16346
11864
3557
16267
6671
14550
15737
9329
9961
11351
5449
11671
10863
6107
8373
7669
587
2417
10921
12999
11281
10512
8182
7348
9682
12998
15216
12006
8180
13966
6128
1380
8914
11519
6943
6255
13215
14403
5199
6097
8967
13283
12030
15198
5567
8536
15714
14744
8307
3004
10842
11691
10661
15301
7459
13821
15957
4396
11668
752
2154
15632
7365
10235
3473
16275
15195
11893
12706
11416
5503
5051
13569
3085
1939
7774
13414
13542
14482
10070
6356
8078
12102
13864
12802
13806
14238
4610
2032
1590
5114
14432
5379
8223
8222
12426
14706
7314
12518
11894
141
1135
7387
8447
4295
15183
8842
3946
2658
7622
2884
5498
3550
7977
10273
15097
12235
833
11508
13918
15104
14978
5307
13131
983
9102
2171
6435
10057
2337
12954
10436
10928
2177
10371
7289
8615
6931
4927
13379
8601
5873
15177
2132
308
10938
7391
12959
1404
1579
6525
9636
2400
7164
3952
7547
5590
4671
6982
2986
7835
15575
1953
6560
3398
11055
4182
2183
12452
5601
15977
4275
5757
13101
5286
8686
7538
5968
6314
14640
1200
278
2593
15857
5784
5056
6219
13960
5736
4797
11318
5284
12214
14646
7098
5162
7810
11235
11709
7077
12085
14414
11452
7552
10343
3029
5985
8712
11129
6889
12439
13509
15847
8151
7490
13669
14706
13282
5910
334
7362
6421
2907
6370
2012
945
9092
9870
13154
3774
4638
1603
15378
6933
3789
11964
9526
9818
11467
193
6609
11835
11911
14745
12554
11071
16137
4833
15461
7927
13045
13197
4885
352
7844
15309
1429
1974
336
15625
6299
4903
3747
5638
8344
10416
4568
2696
10407
10401
2822
3996
15113
15863
11591
5991
3983
7028
9806
10802
6067
7488
2380
10789
9872
4021
14393
12140
10912
7994
12536
6192
12685
2288
10652
5700
13283
2706
4525
2705
6989
3885
6210
754
3186
9360
12484
11532
4458
8488
10242
9851
4349
9986
12967
543
11675
6756
10130
12458
4380
7662
11459
14242
2625
12744
5098
2788
1768
15836
12400
1600
3249
11385
8851
6998
3847
3262
4508
11207
13507
3733
5430
12197
11578
3014
6978
1638
14776
15114
2220
4754
12502
11062
7318
6508
13198
12254
11812
2666
2863
11925
5694
4816
1467
5843
9578
669
10869
11653
2131
8801
15241
12995
599
8824
1830
920
11107
6763
16355
11839
11089
849
2721
15337
4747
13439
3649
2448
5086
10220
12186
7292
2768
10928
16056
10052
12608
10856
14468
4664
14146
11198
2644
4761
15271
16339
13579
5917
2419
4820
3822
536
2582
6218
8494
6894
4806
15190
13980
11047
15799
2748
15107
14734
1916
13675
9157
11024
10911
3360
8390
15608
11069
10837
3169
2369
9117
10063
14609
10996
6859
15205
8458
10926
7575
3568
12364
10578
13042
11130
799
13766
12343
5600
16297
10709
16099
3195
13897
5572
3561
12418
4076
5546
16251
9056
6553
4553
15032
6991
14309
7677
16181
8348
2800
10796
4340
672
8099
15802
6384
1613
769
4566
8636
4689
1694
4230
6080
15264
3832
10890
3318
15092
7258
16130
3134
14594
10075
591
3159
4815
1904
15777
13120
3397
9486
5110
14521
8167
7185
10215
11660
7467
4311
6300
12273
12601
7098
7046
15325
9959
455
9271
3223
8043
6771
5312
4229
9414
8006
4457
3886
10646
979
12058
5628
15197
9599
9289
13181
6516
13645
7614
4962
6722
141
8863
11631
9373
12941
3701
9177
11675
1475
8271
13043
13278
5947
16279
3578
3678
9533
11465
8423
2358
13815
13740
1533
15444
14828
5300
3452
1854
10532
4578
14542
15462
16372
12038
5530
8949
519
1987
1705
15409
12621
9897
14201
6444
16215
5924
12721
11187
14087
9844
4995
3850
8518
3732
14896
10546
2602
2348
11260
15426
164
1052
4291
13760
9830
16196
2700
4452
10059
3604
4902
13522
15761
6294
14183
2900
9045
112
8128
10876
3278
2424
3490
251
3106
9792
16368
7816
6848
9228
3971
8367
9144
6056
11656
10862
3269
15672
9416
11825
6570
10806
14365
2871
1771
13360
11807
14351
10527
5363
12107
2573
13538
16051
13837
659
1124
1298
10542
15603
12486
3790
5318
9950
3482
7791
7905
15625
6535
4543
3
15537
15987
15671
4421
5742
16041
5292
15974
8667
10999
3941
12665
15593
10236
5806
2692
9516
15077
2179
9204
7050
16123
11598
13191
9781
12716
6458
5511
4286
1345
7177
6625
2547
1079
12311
2203
5103
9415
12857
7249
5497
7948
15883
11763
1599
12821
9638
14600
9710
9850
13149
6583
2541
12084
5487
8143
12787
13617
11667
6264
5986
10922
6986
13752
12928
1594
13205
13258
7650
12117
15223
6083
7064
13743
7496
8282
13668
16366
7482
3013
11200
8648
3816
1449
2979
2513
15828
5966
14412
14411
12915
5273
5504
7698
4735
3816
14855
12452
12908
2756
3684
5490
5802
2861
4790
9129
8339
13093
7137
4964
15099
7023
2181
10633
14607
1296
5770
13610
8168
15847
15224
6847
14594
12390
14759
9575
408
10066
8563
9023
8592
1956
16016
1866
1863
6803
7195
7540
5129
13983
6015
14323
7631
14223
8857
2957
6054
11422
7690
13956
3791
12359
14059
2864
11276
10276
9991
14075
1932
11932
13066
5941
13745
925
9139
8102
12691
8556
13594
8578
4940
9240
13818
10926
9014
8909
3072
12190
8390
5470
15858
856
5409
7876
4985
5813
5451
12038
805
7956
9550
8906
10324
5803
7609
11612
942
6744
12186
4462
13796
14798
0
12740
13371
8168
11700
15196
11516
967
9028
9739
1011
7333
13384
14834
7608
11728
15908
8244
8816
6084
3083
8958
1109
2919
1679
4791
13943
4299
14115
4779
3211
3388
5156
3198
10430
1761
5907
9319
16180
12322
15949
8473
14072
11561
4961
10575
12810
1490
4208
16092
3666
6249
2857
8761
15529
5861
1803
5879
2176
15285
1294
6864
9932
13742
13641
1598
2113
10976
787
6706
14848
5700
5697
13911
14127
4401
10697
1544
1543
6878
1603
6903
13305
12867
1801
1382
14816
12760
5319
3854
12856
5872
8408
8176
10752
14806
16019
11215
14991
2019
793
5857
3882
15174
7582
9779
9856
12946
10254
12138
2028
12118
8798
7814
11298
4150
8263
12914
7025
12201
13432
12973
7633
8177
1865
11825
12867
8715
2743
10629
7607
13115
4541
16033
9767
12707
12393
13694
2268
3220
1900
7326
7452
1405
7690
901
2496
14537
12562
3816
9490
3086
6565
15938
11370
5134
12548
1002
244
2291
1823
15877
3909
9661
1989
4221
3583
7783
7409
1934
9423
7868
11168
12176
2109
630
13727
9408
10728
8824
10384
14894
11056
4524
11491
1427
6595
7635
3097
4601
6911
13249
11477
14812
2077
13723
13309
1451
14578
16300
12263
3312
15320
10787
10422
2344
9847
1607
13727
12185
11378
10782
3320
9219
1109
7682
1278
3663
9827
14332
14329
6345
6938
16098
3571
15130
11300
14808
1599
5091
15615
886
10153
5745
2403
12986
4032
8103
7563
10817
720
12638
3478
12298
10290
11818
706
1559
3357
5333
2657
15271
9365
581
15470
1834
1048
948
14752
6376
15904
1777
5975
4712
15419
7440
15871
2535
5812
9406
7604
16044
3716
8700
1524
14352
15060
10220
14628
4646
3259
5702
7370
9497
4870
2499
7171
4309
12146
271
12771
10907
9483
8875
7511
79
7207
15007
7033
13567
4800
8394
12072
14045
6066
8149
392
528
12812
15036
9213
3295
3091
3556
2146
12821
11963
283
1403
12262
5342
10502
1302
15238
12376
3013
11818
152
4397
9109
9657
14607
12942
16062
14926
1338
11607
13030
11024
4968
14599
13768
5302
4365
11572
7683
9232
7826
15432
8380
5540
4620
9869
8639
3298
5311
12468
3621
12811
4941
8694
12576
13110
15457
1531
4055
8659
131
7187
14237
2495
5715
304
3995
3859
801
7265
6817
8853
8013
12473
11239
13437
9813
7397
393
7883
4455
4849
6606
16182
16168
11058
1263
12727
11005
14881
10054
6790
9004
4594
241
6853
13131
12191
15269
5840
3341
1859
12024
10300
11116
3676
7672
7388
8617
13794
4604
5321
12504
14992
13132
10032
673
486
7784
14104
14444
14142
15480
15140
13541
2133
7824
8635
8065
15566
14656
9744
15197
10926
6642
14792
8038
15555
13627
16007
10237
13856
7779
11567
9667
1115
13258
14139
7034
10241
7225
10062
5844
822
5518
9404
13349
9029
6838
14349
453
8055
7854
15854
4142
15750
11517
3583
8082
8002
2698
6022
11474
8737
1039
15606
5886
8308
2067
9392
3380
9783
12196
9559
1328
8284
472
8201
13407
14707
14691
13771
11042
8698
4228
4083
8661
3738
6709
14096
4532
9628
432
6129
2427
12715
11470
5863
6859
665
1341
7983
7511
3878
14422
8228
5898
5767
15792
9112
5885
6801
9125
10613
10430
5664
8486
13115
7429
15503
5814
10386
6633
4417
9905
640
14282
7007
1705
12873
15110
4820
741
15202
2330
2964
78
7608
11828
14529
11727
4293
7641
14650
10559
5922
14074
15216
8526
4359
10577
10975
13348
11835
11063
13117
1784
4480
14319
2308
790
15256
4020
13290
1182
2713
15715
8943
11145
15579
2141
655
3877
11764
1882
13370
13412
7550
11636
473
6827
4754
2398
8822
4346
14966
16366
16201
16287
9428
9393
13574
9515
13956
4628
220
3798
9989
1744
3417
1462
12603
11815
170
14777
12910
15195
14877
10821
11919
12003
878
13385
8268
1617
5737
4256
3925
1672
6799
1075
1451
2819
12399
10147
14875
16153
14633
54
7104
4384
7440
1340
2114
11936
8620
14172
5421
13597
3717
14881
12465
7565
3105
4076
9682
1480
13673
4606
7229
12087
12559
2929
2765
15858
10156
8763
2444
1100
14924
3423
518
9584
3931
10152
3918
2422
13934
14026
1053
8101
2519
14624
6329
11053
7973
5364
3960
10022
9465
4029
2225
3559
15321
10433
15380
2577
11952
5312
12131
120
11244
12486
10467
8129
5648
11380
5459
6952
12403
10898
12150
12515
11245
3555
11572
439
5440
10493
6230
10765
12252
11760
2155
1025
822
9826
15731
8885
7011
473
7324
7096
10042
11934
4809
6409
531
2338
231
11833
13447
12026
8447
15094
14310
8265
5575
14121
4639
15759
695
682
4278
11651
13785
8301
15823
12959
5831
11897
4775
11687
8899
3575
9890
10548
6972
7147
4383
9143
15395
3964
10995
5845
13179
10537
3909
11804
4897
15722
4475
2857
8359
11272
15624
15452
2794
6956
8534
9958
2686
12173
5231
5629
6316
1130
15227
14107
7261
7058
152
2112
3002
3092
1200
14999
8495
10776
5253
15481
3905
16075
14587
7551
3215
2900
2561
10014
15641
6990
7604
485
2545
7780
13793
2651
8284
16017
10578
7872
15032
6275
1058
2791
5374
15343
7798
15290
3394
8870
2827
1685
15409
993
11693
4317
6810
9705
11944
10814
2894
10523
14380
6940
560
5780
11181
10760
416
12247
15373
11942
15360
2532
3336
13513
13154
158
5216
4646
10602
5568
11132
11828
8668
12175
1819
4872
4872
13770
2623
1931
14207
7645
3539
14381
1451
9361
7952
10706
6322
5571
2806
14329
10804
4708
6017
10973
3113
852
16354
8841
5485
3726
15519
5710
15550
6272
4787
669
3600
4002
8668
6952
8632
14500
1916
4267
3045
7739
15187
11075
7883
131
10298
9633
2169
9807
9961
7940
6560
16285
7572
238
9862
14934
5280
6786
1142
9996
7088
15078
4797
11603
14683
7186
14824
2085
994
9613
2691
6723
16347
7267
10997
6291
9507
4931
4779
11059
16194
16344
8081
13073
1465
9201
3552
1896
1695
1701
9003
10855
14553
7879
6977
2713
10525
2057
537
15153
15144
9184
9642
11729
13653
10036
4761
1951
11423
3413
12955
8466
6861
2325
2061
10108
12022
15023
8026
11283
9797
5054
9189
5827
395
6249
15905
7879
6545
14397
6125
2929
2578
14461
7141
5689
2133
11269
9613
10997
14285
5037
10489
8660
5600
13004
15468
13198
10620
5586
1812
4932
13036
14388
11632
3914
12108
6272
4877
9707
4416
369
11667
7451
14299
5131
6427
13229
9946
10970
9100
15310
2328
16034
4774
1927
1252
2422
14431
4708
10784
1215
8217
4924
13914
15336
2208
2433
14733
12188
7103
6225
4007
544
12239
4136
918
1702
4660
10202
9314
7118
6848
1522
12720
5696
11002
2882
16094
1246
863
4017
10856
6402
8688
5590
3154
2857
12945
7411
4484
4538
5686
8654
11920
5958
12518
894
5586
12834
1746
13476
4922
2568
7222
8009
4040
7057
9346
9289
1755
5105
283
14999
135
4978
7871
3559
10648
13909
7253
8573
2108
7907
5363
11013
4507
5751
15093
12941
12837
133
11061
14044
1400
1179
10953
12443
4371
14701
11065
13774
5723
1625
3625
5941
16199
140
2591
11275
1893
8439
653
16063
5113
4833
16185
12242
12241
12953
14277
14909
8945
6374
992
12744
9656
3232
7362
11160
11932
12834
11919
407
12823
12367
3415
1842
12487
6552
2750
16173
13785
10105
5898
906
11753
9232
1378
1334
12540
16205
8405
12398
8443
15195
4379
15803
549
9381
2160
3399
4059
5179
9410
13342
12294
16288
12439
3392
16134
9912
7478
361
8384
7059
1708
13564
8882
6536
14986
4930
14890
8378
7282
6712
5574
7142
15144
14406
4291
15133
2968
1882
5640
11339
4919
1776
15857
13468
12999
13753
1264
4915
9098
4635
8096
10173
6565
5459
1624
1501
12239
8029
866
3738
11215
10958
12952
11047
9837
8551
11347
5615
12715
11973
2561
4369
15476
10054
905
10049
9297
11796
15024
8956
13228
13386
10492
9122
1353
9126
2092
10257
4598
10969
11586
13463
14206
5812
5233
13885
15193
15043
7540
16192
262
6776
3126
3740
6845
1128
3299
8211
9574
15888
691
1834
5886
2950
6841
4899
5868
14115
11189
10988
12722
14894
1478
6482
2494
13618
8361
13377
1633
14629
13811
5024
6226
8984
2759
8983
8367
7847
13480
11716
10037
4454
4292
2438
369
14761
8045
10996
6524
10226
15162
11406
7506
9376
10408
8441
12489
1060
3329
11599
3119
14746
11909
10673
1761
13724
13778
6128
9576
2462
7288
10065
8610
12950
6356
7138
15648
10780
5013
4184
12524
4179
2658
15157
13728
3340
3303
10788
1286
12840
9853
13968
5561
4933
15133
16134
10172
4004
8900
14354
2262
16360
4392
8520
7298
3426
3108
353
15077
8075
16144
78
7930
12966
1316
10730
5231
4109
12947
2487
4029
277
3419
365
6453
9891
6141
10892
3799
11452
15470
12012
9730
1972
703
9467
2779
14093
13099
435
3733
177
9819
6393
16379
10483
923
4391
922
6369
11486
642
13730
6578
9778
3544
9642
3310
5042
4498
13250
7080
16314
15690
12034
9259
4881
6801
10905
371
12570
15780
15390
14052
7113
6283
6423
11012
10421
7287
6483
8075
991
14607
11767
3311
11997
7043
13192
2758
13438
13177
13178
14262
3857
15778
5404
7655
2562
2271
6229
1701
13301
3053
6945
1514
14296
3640
7666
9852
5760
15280
11894
11084
14588
7152
8884
9900
7031
4991
2015
1908
1766
12474
4978
12568
419
9554
13748
2324
6903
16160
4681
15861
2716
12583
1719
8983
2770
12214
6169
7161
11785
1881
5492
2094
1248
6869
6356
12628
7284
6736
7276
12140
9675
3274
15050
713
11878
7270
5094
3526
1347
8897
13920
1380
358
9790
14646
4545
4544
6456
776
5412
4074
16265
10180
10804
12452
10700
5000
6716
12900
5247
10983
10782
12014
5398
6710
2958
1159
4819
1608
12601
1409
3763
14440
4325
14174
10314
8438
10955
6051
13276
10612
2485
1021
13965
8716
13023
13449
6302
11298
7306
7236
4262
3299
9362
6466
7005
10512
12526
903
12922
7301
91
14907
2677
6616
12246
3420
14247
5707
2239
7870
3058
8628
12774
4473
14117
3967
10119
12303
2911
2113
6689
8640
10558
10512
2007
7675
16039
6961
10342
5863
3193
2126
5485
8969
13885
14674
14191
12917
13304
5047
7784
6919
9977
11016
12994
14022
4488
9301
14969
16062
8244
4897
7489
13257
9767
14109
4815
9607
7567
13469
13359
1295
4883
1473
10218
16008
14542
9915
6501
12418
953
7183
14949
15881
2887
2481
12981
11797
12197
15357
8879
150
6269
5870
139
5989
7097
9608
6729
1494
1047
13193
8486
1135
11409
6729
12565
1033
15829
10457
11344
14296
4400
3254
4866
11322
13063
10047
12815
7751
13768
10458
10390
10738
1187
16358
2990
3646
15368
9271
1531
1624
2176
6506
4939
13784
12083
6679
2510
15657
8851
11185
171
13864
13449
6814
10867
4264
3972
9248
10052
12507
14637
8607
503
8880
1692
6089
10471
6967
14205
11613
10019
6619
11047
7439
9430
6079
1131
6709
10045
256
1337
7651
10064
14996
12020
9081
7621
10051
15447
14943
10650
5197
2856
2745
9182
12123
12389
828
15735
10037
12373
13877
8815
6231
11171
1323
13019
15777
7905
12353
11315
14431
13895
374
813
373
3738
14207
7918
10702
4594
9615
13917
3803
2951
11511
12375
3309
8989
382
11147
5505
12294
15761
9521
8803
3924
2682
4388
4169
506
10749
11657
4255
4472
9676
11187
2607
9864
10542
10541
9374
7871
13848
14558
10008
6134
2280
5336
1716
2685
14322
10148
3602
668
3812
7176
13868
14464
2394
4244
13532
6436
3370
4457
12209
2601
16354
1435
6812
11022
3436
15196
4451
12033
4433
5235
12188
11053
5047
9812
8321
6902
9880
5280
9798
9981
8631
2420
12167
8959
10239
11787
9639
14787
12473
10035
12218
13453
1815
11777
10279
13356
14834
8983
3133
6968
2141
8618
14259
14304
4889
12181
8993
4819
7396
6298
3450
7382
14002
6756
8102
13955
9902
5736
15888
110
12939
13721
8633
5929
13551
12099
15167
4025
10411
12128
10072
4710
3470
1800
5020
365
8491
1436
14639
10039
12830
10734
5540
16319
9099
3074
507
8844
2424
8003
8226
10203
6616
11649
4041
10450
16013
7241
13044
3768
10448
13122
15178
16144
3240
12568
7872
12994
16252
72
16104
10460
11512
2681
8592
11040
8068
7192
6959
14653
14910
6434
14898
7560
8749
5718
10267
10441
7509
182
6392
4106
15417
10204
5837
7054
15406
8838
6647
2973
15506
3757
6021
2996
3719
2221
6464
14252
2885
10088
2843
3710
8501
15066
9736
14161
6281
14588
3636
14092
5124
1304
1598
10124
5268
3876
11765
4864
3922
5690
344
4903
2905
5038
4274
9187
11667
9989
639
1336
12700
14798
3242
4038
11152
6515
5858
5357
2656
1492
11103
368
6258
11664
3712
16246
5233
7164
15121
12242
9973
1100
9590
9268
15117
16380
12423
4825
12488
8581
3101
12107
13009
1379
15487
14959
2395
1094
7847
8099
15117
455
3583
10741
4592
11027
6349
5131
5315
7637
2002
3729
11031
8016
2446
2073
9017
9991
10166
9401
10773
8292
9625
3784
1169
2448
7558
15778
8372
10589
16160
12793
2927
4393
1643
7840
630
12742
3678
14388
2307
1068
10794
889
61
9377
5230
14929
4517
4280
1066
6418
6267
14251
11971
8985
5545
15257
10475
10649
14302
923
11429
8074
5794
8954
8966
13698
5467
13747
13875
12794
13081
10608
1282
8363
1569
14148
2500
558
2620
4041
1731
5457
201
8683
16308
9622
10874
1491
2388
10422
7379
21
15201
1995
10880
4238
16196
15876
15883
9167
13935
9831
11711
13000
5494
15633
9035
1281
5224
10299
13625
12809
8689
15908
1631
6561
3574
13494
2495
16055
9837
6593
10313
9823
1850
5046
7716
9942
746
12175
12469
9487
859
6596
12866
14820
5866
11794
9220
8867
633
14209
7514
9037
13854
13510
13472
6900
3221
366
5631
3649
7315
4790
13374
8042
5090
3702
16279
3278
7964
8455
4586
2973
1258
10160
13186
1994
9841
11109
9165
15538
8694
16081
14446
3550
14198
10562
12367
9759
15095
4755
15577
5180
7721
4221
15791
1931
7869
15255
6526
6898
4721
12569
3047
6315
16014
11729
8433
8457
10200
9988
13568
2100
12278
5832
1934
1684
14128
8656
5006
9354
7289
7288
3424
1950
9892
8297
2503
4152
15464
10167
959
6936
5673
12837
9629
10059
13108
11995
11948
9777
11527
11516
12244
118
936
14701
16352
6202
11925
11453
6467
8286
15034
6873
1787
8979
6618
14572
15131
2106
14642
15786
15044
8682
2954
6604
7395
13082
2454
7394
13224
8818
4822
13571
4629
12632
7719
4143
7545
14589
15570
5826
10690
5268
3120
14097
1654
15807
15060
12960
15212
13819
4263
14766
1693
2764
14759
9751
6205
16262
11836
4591
12701
11381
14474
12727
1729
10367
3036
6372
14507
15
14558
3765
11214
790
12584
6352
1966
7836
2370
10239
11695
11432
8148
3169
2430
7492
4344
10711
8076
3020
1964
13984
9235
3514
6153
13453
9633
8827
6963
10571
7037
10601
818
5031
1613
9460
1140
3350
5900
10982
1126
10870
15758
4245
7514
13797
5748
1830
10225
380
2988
13871
11622
13530
9283
1925
13193
11503
9158
5194
8047
8995
2954
3143
11306
11490
2555
9899
4480
4334
8904
15688
9526
5256
274
13528
9669
7451
7806
8785
1740
365
11955
11047
15333
15881
16205
3003
12599
6391
9111
10255
10847
4465
16169
2533
4893
6537
2472
2159
14280
7369
9256
7725
7361
5129
2333
14307
5867
2035
12139
2462
11391
3926
11503
6352
11392
1452
11749
2179
12289
9504
9792
12100
2448
9624
5416
2368
12728
687
6504
13236
13626
5325
11129
9917
7673
2714
8142
7465
5065
8685
1905
4431
11247
10598
6254
8381
14003
6350
13732
8783
15174
9874
7790
14596
982
13830
8417
9705
2103
11163
9884
2711
11394
10617
15288
968
10606
14111
5790
2898
11140
7495
8170
10950
6176
1748
7295
10207
14044
12908
12455
15632
2254
4029
1558
8177
15473
3147
4068
7691
7360
9939
16315
2021
14385
5521
12067
5275
14773
1867
6558
1268
3371
3533
2364
7014
14356
7920
11964
2774
10958
8498
250
5913
16060
2712
7286
12387
3509
14631
2981
9880
3957
10061
15429
6829
4253
14037
8188
5367
14115
12279
13251
1721
10873
2105
15087
5939
11063
7827
7183
15415
11637
10917
5285
10604
15732
9484
3765
6924
10671
191
1479
12767
5783
4480
905
1610
10294
14774
5407
8225
3909
1823
3061
4309
13260
220
11563
1643
12811
4729
11693
11815
2807
10086
13526
8030
6580
5700
13269
9945
13914
14916
6754
4789
9703
5755
5076
13902
13098
5468
12802
2911
1839
1221
1960
344
9085
466
6787
2809
14385
1825
1571
7863
9981
13113
9689
6025
7257
1807
1861
7567
15567
7257
4969
11609
7441
6575
511
2691
4551
10579
9461
15333
11133
13969
9937
12869
2591
8379
9513
15892
5687
9645
3497
3937
2889
16314
13596
15208
13180
16231
4927
12219
10631
14799
2839
12901
13107
12691
1777
10935
10892
2495
13459
4522
4379
7337
3536
11169
9675
16301
4317
9663
7679
12555
9049
8545
875
1697
4643
14218
11336
15708
4172
9428
12780
11677
7698
12237
11617
7353
12890
8738
5778
1984
6874
913
12872
5764
2432
826
1386
14274
14186
2378
3611
3619
1224
5978
10032
9752
3712
3122
7328
9457
1909
11323
698
138
1628
6626
4691
13947
10118
593
1866
13750
11310
10722
3334
7796
494
3650
49
12171
1284
1375
9015
2652
8783
483
231
108
15868
13244
6780
5552
5200
12980
7071
1797
6194
8424
11960
9382
9843
8552
10200
6920
2382
13591
12876
9799
851
9329
15519
6768
2040
11568
2232
10064
2049
9
11845
3782
2810
5594
6516
6708
3810
8598
5550
14026
8210
12865
4071
794
8981
6595
8769
6119
7405
7009
12730
1523
6471
8283
11921
2564
8035
3887
7099
1287
2835
15465
6660
8244
5282
3042
3625
3838
1274
3058
16020
446
6597
1751
14565
14847
14415
1643
3597
12038
10352
4264
11573
2362
1826
3882
14764
1630
9430
13298
10870
4186
9465
8347
6529
12944
6528
9627
2066
4738
1738
11044
5798
309
355
14389
15221
6723
1521
2241
12241
8463
9055
8316
4668
14378
5144
3415
14631
8919
16151
12391
4934
9030
2228
14660
15812
12868
13410
10082
5826
97
5712
2015
15567
5839
7167
3693
2954
231
10123
7535
11676
10551
1543
2369
12428
8339
15116
12980
9340
10766
12626
6490
3341
12596
8772
4293
14331
4952
9535
5902
3781
8869
5305
15539
13635
16047
12862
10415
4165
15622
7200
10432
11344
4343
11267
9729
8377
7403
958
4877
710
12741
9269
7908
10113
13613
6707
5727
11234
3817
7440
16197
13440
10791
8521
15389
246
3595
11442
2916
11984
15224
1978
12064
5688
3560
10658
1493
14433
10477
5223
15010
2632
2526
9397
8982
2538
12312
5146
11238
12402
14644
2934
12323
6366
5780
3185
2208
4435
8782
753
2950
7906
15378
10765
8160
5733
15639
10701
11173
3729
14751
16230
6320
16204
7243
12166
6403
9729
13454
9898
732
4440
11244
13051
9833
15729
15855
3230
9949
13040
13893
8463
6919
15333
2237
13725
3437
9796
1500
10441
3568
6696
3032
14432
10127
2960
8701
3445
3628
10345
9185
5913
14225
3023
14795
10685
4557
2631
9017
3461
1989
9868
12508
4743
1419
10743
9757
6463
6508
6191
615
16087
5363
12213
10953
463
8299
2751
6045
15669
3155
8139
5646
5898
6839
7961
8045
7015
13748
3241
5088
2925
5152
7627
8725
7697
6353
16075
508
6988
3179
12847
6975
10307
9485
8706
5319
5524
5001
7067
9007
5499
10963
15377
14342
1758
9166
322
2288
5086
6173
13156
10644
2052
6766
3499
8733
7638
8752
8097
11895
7531
7295
8268
9835
8949
9211
16167
13100
14799
11316
6765
2337
3973
9830
10262
8872
2152
15688
13013
7532
11222
15225
8072
13765
13579
6041
5192
5165
5163
13059
2067
8194
2818
7170
11576
5727
4542
270
9284
5563
15241
3682
15142
12943
2961
2462
12955
8715
10847
5369
8498
7170
14354
2938
374
2947
13545
5168
15711
14564
920
13753
4635
5297
4003
14435
14339
5321
6949
828
2641
12158
16133
15573
13809
16127
2911
63
1609
2727
1659
10613
2121
4677
11891
5475
10187
11151
203
1371
14951
6987
6037
7370
5802
11315
7831
397
9932
11458
2231
8841
2472
13631
9052
9045
10976
15185
12245
12821
13557
6670
5972
16244
4396
2492
3340
11524
5483
5258
13249
12649
12527
10649
12144
1661
7094
14661
1381
3387
7534
11012
6885
2322
13115
9992
1152
8449
838
6022
5062
13972
7250
3442
11172
3027
5675
685
3021
15833
13605
201
5153
2233
7314
15390
2932
10099
9197
1853
10945
15040
16285
2764
9321
695
7867
9165
14605
1261
2507
11439
15007
364
4513
7423
10931
10533
11949
11591
2016
14522
5088
1186
12921
2956
7528
8960
15624
1770
3073
11803
13033
9681
2700
2756
14626
14446
3331
6116
12313
15
2835
1504
2722
7538
4074
5562
2721
4854
10615
12968
7533
10741
5004
2602
7880
7866
11168
14975
10897
3254
8016
14724
11176
6220
8160
4120
3328
14710
6338
8615
12661
14637
7579
4755
2115
9407
15491
14491
11
6867
11038
2510
16269
5774
78
2439
10028
8432
11976
10396
6148
13812
11531
1222
10195
16209
13700
4831
5420
14560
3180
12028
3932
11540
11364
9434
14287
9669
2758
16130
5077
7133
8011
9251
3577
14169
11115
757
14549
13941
6246
14029
8810
11226
6509
1541
1363
15755
14675
6865
6297
7863
12093
13715
7095
8241
9824
2281
823
6383
4416
1168
4415
2091
14549
3583
2404
7019
13743
2427
4607
816
15112
14320
3248
13437
1850
8690
610
12098
10586
2078
8566
6806
1946
13431
15568
2560
11391
16301
15273
8527
9675
4345
7958
8714
4313
14815
1547
1763
15247
11067
6219
11133
13451
8955
10895
5143
6715
8275
6124
4004
15916
1132
14362
4442
10071
5602
8940
1781
15199
4155
6411
4463
1063
4859
13419
6079
12248
12247
4839
6387
15429
566
2594
13359
13011
11783
4832
9320
7208
9389
13106
7010
16170
10122
8274
6374
4818
9974
3560
984
1296
11506
2324
10517
6956
13079
11722
2634
8389
13587
5567
719
4159
1423
8895
9791
5951
3324
2748
6460
5051
5178
8633
9430
10799
518
12549
14082
9985
13103
1103
4062
3696
4711
11489
10623
10636
12731
11295
4205
11407
4772
11697
12361
13398
9310
4922
2982
14508
9659
2678
16194
8118
8758
10869
13825
6282
13326
1550
12330
714
11407
5228
282
8727
3139
3455
13575
7005
10531
11291
7115
9492
1700
4332
7851
13050
1198
7622
9910
13256
13416
14338
7354
12798
11726
8410
8790
14037
3004
6380
3175
12502
4819
10229
4955
6821
9195
12681
895
14023
2864
10040
15880
10039
8633
1415
9997
1611
15855
11379
2339
13847
9184
1408
12840
9989
15729
5974
14890
14970
14230
2084
12356
11366
7210
12760
1459
13143
2285
157
6191
12291
2385
12722
10484
2028
2916
1828
8917
16345
10253
8782
2558
12658
15264
15904
9162
13666
13310
9218
1086
11630
5945
9353
11777
1593
8656
13975
14213
4651
15833
4145
14631
11086
16062
589
1917
1980
14100
4884
84
14556
11732
1323
16059
651
13435
579
14202
11386
6330
11392
9728
4864
4160
13415
8422
5686
2061
14197
7549
14885
13420
12811
3187
9203
2706
13165
12403
6079
11702
14243
15465
6002
11955
10033
2579
12981
12590
12744
5307
3893
5693
7646
6254
10719
3688
696
1224
918
10008
8816
4949
4567
12817
410
1386
1034
5894
8532
3796
7158
7394
12083
625
9628
11260
5196
7445
12941
8026
516
9565
4157
6066
14470
3195
4150
12843
1695
7283
5191
11836
4307
5336
7615
15917
1217
3631
1511
3231
9228
13148
10009
15915
7509
7955
3249
265
9611
10339
8876
6933
5369
14200
9436
7680
7286
12584
12012
4924
13402
689
2889
14509
2599
2363
14363
6170
8094
10058
8686
6970
14853
15773
8338
5064
2093
14561
4242
6025
302
1381
10155
138
6010
8550
13100
72
10550
6182
2000
15545
13725
15913
579
5876
4164
15847
15821
10609
5761
2241
11572
6236
7649
5489
12391
15912
11111
5155
10683
13099
2949
13061
5659
2163
2495
13699
15867
5858
1633
4769
5476
1415
7352
1848
13128
10709
10708
10692
14892
1660
3499
52
12800
3413
821
3073
16171
7951
16051
13903
6321
11033
9873
6651
8471
10427
15379
3485
12459
7875
13530
2109
12121
7705
6751
14039
12793
8563
8323
15300
16120
3895
375
6461
15101
14873
5667
7042
2303
16010
4229
8448
9774
4685
5589
15834
11153
9696
6133
13422
15160
7128
15730
14939
2450
16078
6309
10406
10579
6546
10259
4558
15636
4649
3779
6653
11346
1184
10867
4522
16018
1297
10070
3135
11252
1431
5305
9641
13103
5904
12706
2975
13385
8576
11839
11000
7784
200
13739
5816
5894
13224
8312
9862
1709
801
15106
3662
14437
4359
8148
9886
11130
13666
5842
7164
9654
15639
4194
12263
15608
7685
1265
10216
10448
5545
1368
13614
6097
9543
10432
3609
4589
3855
3543
12228
9281
12861
2063
11927
8735
10775
3762
927
9977
225
10721
8821
8103
9458
6415
14770
9036
13726
1987
2689
1305
6699
9847
13897
8077
5777
13871
7481
9493
7193
6733
5989
16013
2893
10410
284
3504
277
15098
2036
3805
12571
2101
6327
15713
15529
8984
10639
2901
2369
7181
5147
10035
1611
8838
16121
6905
5633
8541
12817
233
6261
14079
10569
1104
4424
2830
1090
16052
9120
3792
15128
15516
9065
3943
643
1371
14111
3799
3337
658
12570
14640
7565
14838
3254
6204
4395
12914
1774
3444
7643
5365
8898
12520
6838
7684
15714
15496
2877
11845
12152
13430
6514
3933
10086
13257
14929
7947
14190
8854
14189
2198
1014
942
878
15762
16256
15190
13930
1892
5556
5356
11939
8978
13778
6780
15870
1610
12934
12634
5294
6469
12244
5254
6900
12739
12113
9262
5816
12758
1927
12077
8397
10702
9571
7973
6995
15963
10539
9873
5313
13114
1274
15258
3930
1930
13100
12366
9521
13657
863
10792
10641
7997
1209
14325
9137
14324
14784
849
741
14737
13033
2193
418
6153
13643
4274
5855
7513
15851
3477
13147
11555
3557
5481
11561
5267
4901
15961
12445
14989
11541
13549
16012
13660
13452
6132
636
13397
12003
4003
8115
7863
10259
8519
1855
3555
6097
10073
8247
3370
4114
3436
6191
11279
9121
8657
8681
9241
12409
6901
7605
5869
15966
2
7017
10790
7026
1276
15660
1897
9908
7024
1210
4274
2755
13736
4992
3293
4686
10169
409
15646
1516
9059
4035
8526
15450
5482
6066
5956
13550
791
3311
889
4977
1377
12609
9332
2265
13049
4239
13609
8873
14743
15011
15475
9155
8634
1336
12254
896
5110
9272
646
1653
8505
4381
260
4078
8720
9011
8574
16369
2254
12450
4941
5133
1348
11936
6408
10920
3202
16166
4002
6053
9331
10334
11239
6048
13968
2120
6278
9802
223
2830
12657
14318
16241
15943
7797
7341
2420
5044
9339
56
11464
8152
3510
2921
10439
10438
13180
16217
15
663
7523
9823
2190
4365
5103
2306
10617
7101
8470
2123
3710
1997
3841
372
2499
5845
4319
11223
3645
9901
837
15445
12435
7035
5200
13239
10009
851
4349
2412
13796
13012
12527
7209
7519
12999
14159
202
6875
3210
7199
12049
13412
2076
3205
11012
15140
14518
4972
1809
4073
16185
14558
13043
6039
2143
8673
2382
14044
10277
7204
7486
2339
3684
1260
8248
15188
3836
12030
15201
7715
6199
3904
14692
1598
12930
15331
8032
11499
41
9201
14649
11531
9188
2941
1284
6078
12948
9484
13714
1466
8463
5159
16382
15540
4025
7719
10079
15885
2321
16383
4085
1847
13145
9414
13548
10378
11226
1814
2598
11292
6881
13055
9058
10023
12333
333
13341
5343
7535
5957
14811
9869
15012
9042
8936
3469
14560
16193
13109
8141
11251
6329
11080
5055
13095
8659
7305
6325
9515
8315
14483
9173
368
11225
11512
2634
9510
12116
9944
7205
8190
13283
3753
413
5945
8994
12564
8924
2024
12228
3504
3408
2488
2325
9405
7883
11038
11458
2214
6022
8578
12174
7646
9542
15191
6970
2291
11353
8535
518
13618
12717
8999
7039
11650
11610
5670
11141
6373
14846
9900
8352
6520
11136
14476
6104
16227
12851
11811
2091
7817
1545
969
230
13866
8981
7685
10603
178
1288
7228
10868
15092
11266
11120
480
2640
13727
8604
3450
15416
4104
12359
7218
4834
4833
2062
396
3868
4148
10144
7744
13431
2850
10154
12125
12124
15028
10848
4219
5318
9462
10426
7941
2949
824
923
7947
15378
10330
7374
1025
15489
769
3758
10125
5346
6564
9538
2950
11455
3791
9306
6876
6562
10399
3358
10097
8377
15489
7897
1273
11740
14176
8731
12663
9951
4622
12649
5994
8172
13842
2210
4896
13520
7312
8670
14846
14777
8921
13368
3175
9810
2578
8369
388
10106
8016
10609
13790
11544
2216
8388
12813
13900
8712
4302
4156
16290
7813
13200
10158
6443
1741
7604
594
5219
736
11471
2193
1525
2889
1313
9540
7142
8914
2128
964
9981
5394
475
16011
603
9757
1324
5613
9802
12522
3223
1953
9608
7926
10991
10491
5111
10721
11417
6465
14519
13012
10425
10877
1945
5805
8743
14965
13283
7049
11759
10341
12801
15892
2480
7318
10575
434
1219
3
2213
16329
10687
11930
6649
13324
14664
8160
1756
7682
6022
5983
5767
12225
1627
6741
11183
4804
4062
7876
3313
14182
14480
5232
2708
10648
15816
7436
3300
9394
5082
10325
7516
10324
16148
11771
7521
7930
12350
466
2827
3208
2796
6150
16101
16100
9555
7310
7826
12157
3419
3253
16369
4771
283
4342
9920
11271
10595
4831
13463
16338
15904
3058
751
11872
10572
7656
6153
11347
15676
11719
13331
101
9996
3219
5022
14597
5628
11955
5365
8599
14275
8781
8755
1529
8748
12364
9588
1516
97
13937
305
14128
11457
10044
14237
2078
8802
5998
8147
4536
10149
1100
12890
15786
4713
7691
11668
14944
18
12030
14596
57
15577
12433
3414
4987
6223
12009
14397
4865
4409
6678
15748
3107
14521
5675
13828
12062
186
12150
3949
5721
12143
11151
6317
8264
7708
12043
4910
6093
2672
8640
8848
10509
7685
6501
13953
4115
3085
1488
4832
11036
8556
12423
779
13177
7879
2773
12795
686
10850
5698
46
16171
12594
8893
2457
1397
8317
14561
11541
1907
7040
1913
7964
15894
9577
9353
10565
14059
4522
6901
13271
11609
11983
10264
16344
5523
2574
10026
15194
12544
8594
5702
4343
6099
15495
4269
9316
5743
15893
10828
1747
12494
10046
2615
8676
13904
4474
8189
9989
12995
2297
14672
15441
14486
4246
4869
1233
1837
10223
8122
4348
8011
6974
3314
9816
1373
2021
14539
3314
10563
15341
12261
12453
13901
5812
9115
8298
2889
5841
9953
10852
1162
6560
16303
10597
15444
10926
6196
4311
4341
15950
1752
6656
12124
8072
10372
2668
6025
191
10620
14520
6407
10652
177
10617
213
8220
8956
2427
9290
7425
1125
2819
12072
8814
11411
1588
792
12548
11981
11607
1317
12149
139
11174
12535
12053
12335
2473
3108
7510
11374
3935
8391
15513
15800
11262
7452
8308
7450
11259
1580
8308
11164
14340
15712
9232
8092
10351
1336
8088
9886
6992
6625
4588
5012
15676
10992
3242
2657
933
16235
1265
4909
13759
13410
11519
10471
9331
11511
9308
3535
6559
7087
6773
14327
2683
7779
15571
8139
2905
10396
10395
1507
6491
690
14234
6210
1446
9628
4322
13655
15600
10292
5344
5290
5101
8274
1947
5411
11749
14260
8974
15899
13044
3646
6044
11579
10551
10312
14314
1957
1869
8357
1802
15381
8565
12205
353
2302
3521
11951
11522
9928
5417
9597
641
15997
11835
6022
15546
6710
946
4966
3450
1278
15017
11965
4611
11519
12362
231
10751
14685
4852
4821
2500
11298
11601
5058
15597
13857
166
13534
6825
1304
119
10368
2761
13325
15145
5822
299
9856
16273
6342
15498
9920
13718
11078
10746
12220
2190
12489
10323
6756
3287
12135
2259
12888
6624
4962
13906
5528
9194
2290
1026
7794
9299
4176
9534
10681
8206
13909
4271
8191
6991
12311
2271
7607
7307
12409
246
9644
11729
4667
12940
16342
15779
8747
1257
12026
3033
14914
8995
9796
11126
9150
2160
15344
6742
12974
15838
3875
1637
11721
15521
728
4959
6175
8035
13395
2975
16268
7684
6899
16041
15466
5004
11634
12332
11527
15430
10474
4796
3384
693
6107
3818
11457
12362
13499
361
5921
13211
5329
4085
10724
11755
10723
4253
9113
792
14852
13492
10773
13847
16372
4164
8939
2113
666
11716
12962
7030
10780
7188
5052
9724
9456
15830
13361
2657
12802
5081
16090
11360
8814
4390
4248
3354
6954
12042
2850
14794
4946
13249
8850
1270
16222
15061
9266
4787
15150
9506
4234
5174
15262
3839
3838
6534
11317
5517
77
1701
5829
3457
5097
35
9833
15577
3484
3921
6844
6535
15279
3279
8729
4945
183
6826
13808
9881
1781
14397
8735
4529
1861
3154
554
6135
9354
5127
8783
4130
7325
15889
10229
5481
9634
16279
7481
1943
6424
292
11171
14427
7487
9699
14091
13197
7017
5349
11567
3855
6388
4827
6387
6238
5542
8159
8420
327
2145
1769
1095
4381
1925
11757
1600
10200
2594
6345
14352
10808
9309
16352
4005
5163
12734
1056
5334
14302
6330
6871
8757
7950
6832
13595
13358
6319
5100
4025
3009
5318
15408
850
4774
3156
13860
9579
399
4803
535
3251
9439
619
7607
15910
8072
5400
3408
7610
14006
15632
10003
12389
15621
13484
3002
14594
10803
14788
8852
7601
6262
1886
5734
12635
7080
11592
3510
9198
12594
4597
2879
7279
2045
10508
2044
3500
5030
6310
11589
10195
10563
10467
7490
368
6464
10816
10495
6287
5963
9631
732
13580
7631
11227
4631
10492
16013
12705
2050
5314
14568
7103
7863
4185
2898
13336
9028
2506
11276
7443
4051
9905
12265
10930
14908
6627
7282
2232
8570
14084
3596
11956
12252
10083
6467
14740
5287
13434
10882
15313
14818
1640
196
5558
11712
4462
10306
10694
10214
522
11551
3365
3546
11725
13923
6234
14110
1000
6164
6669
10757
10533
12573
2365
7681
41
3681
15835
6498
3884
10460
11340
10348
7497
12655
4338
16087
9130
14197
9341
357
10982
15019
16288
15786
13730
125
3190
8730
15278
15894
2572
511
14915
10624
12804
6646
7310
14540
15518
14676
9111
4767
3534
8158
8953
8125
2511
9487
8423
10001
10683
8667
6949
8952
15775
14897
3536
280
5820
9292
11472
11478
5384
2962
15985
10900
15984
809
2495
8517
2950
9407
14563
4245
13168
6982
8262
3
15474
12418
14623
6647
4717
7748
1199
10245
2265
12153
3843
14968
2651
3210
2650
14093
6254
12801
8956
9140
6468
6281
1986
2672
4166
11264
4011
12065
9593
9571
8580
8147
4642
7530
3510
16331
8082
10783
425
6211
9440
9735
3402
11807
12664
10328
14176
6711
8957
10248
15158
15796
4396
2363
12376
15916
15228
10583
9467
767
227
2844
8438
645
11217
10696
3571
6431
13391
11656
9312
3529
7664
15524
11500
9820
7961
14518
12438
9168
4472
12012
6497
3548
116
13968
16264
4404
7004
10648
14101
7893
10401
3802
2093
9467
9817
1493
13599
10696
6075
12423
16239
7068
5448
15477
6249
1253
12539
6839
14515
2847
390
812
6311
2711
36
16337
10394
16235
11040
6894
14052
5046
3838
3604
12228
10360
8616
7864
2737
6999
2483
6443
7980
1142
12003
9399
8837
8572
3962
9817
8588
4034
2269
5694
9341
6122
9426
7832
8334
5988
8508
11520
4120
12528
9322
2083
6349
16119
7023
14164
15458
4590
2973
5931
8484
5924
575
5631
15209
11527
10584
3335
4541
13443
7248
3776
11304
10331
5360
1742
14064
15835
123
14814
3374
7418
9623
15225
13830
6394
7782
7085
5257
10245
4397
2553
381
783
3716
14547
4715
4149
8575
2116
1682
1958
5594
91
13825
13643
16357
6595
13468
2519
2599
9003
12484
4757
4930
10209
2795
2835
12371
15556
13469
3597
10581
10757
6274
2336
12408
1508
11539
1284
3188
212
3880
13061
2097
4504
8520
5703
5863
12615
4303
16021
2655
10649
1995
11575
5293
3484
13904
4725
9055
20
12645
10359
3128
13835
15023
11137
8233
10046
3350
12295
4115
7773
9018
10874
13795
11007
5355
12454
5329
873
3636
7112
9605
273
467
14916
9253
12377
2899
7863
4691
12141
9869
8715
11875
14650
2670
6695
1127
4196
15755
12223
11972
11764
11581
1922
2960
2503
12722
13541
10052
6809
9256
9878
13699
6183
13622
1710
979
2292
7080
76
8280
5383
359
3448
5543
9993
8958
14978
9458
14295
10766
6131
11009
6683
13967
5977
7221
14614
13110
